              precision    recall  f1-score   support

           0       1.00      0.67      0.80         6
           1       1.00      1.00      1.00        10
           2       0.00      0.00      0.00         2
           3       1.00      1.00      1.00         5
           4       0.80      1.00      0.89         4
           5       1.00      1.00      1.00         5
           6       0.00      0.00      0.00         3
           7       1.00      1.00      1.00         5
           8       1.00      1.00      1.00         4
           9       1.00      0.80      0.89         5
           a       0.92      0.98      0.95        60
           b       1.00      0.98      0.99        60
           c       0.97      0.97      0.97        60
           d       1.00      0.92      0.96        60
           e       0.83      0.97      0.89        60
           f       0.98      0.98      0.98        60
           g       0.97      1.00      0.98        60
           h       0.98      1.00      0.99        60
           i       0.98      0.95      0.97        60
           j       1.00      0.95      0.97        60
           k       0.98      0.98      0.98        60
           l       1.00      1.00      1.00        60
           m       1.00      0.83      0.91        60
           n       0.97      0.93      0.95        60
           o       0.88      0.93      0.90        60
           p       0.92      0.98      0.95        60
           q       0.92      1.00      0.96        60
           r       0.95      0.92      0.93        60
           s       0.91      0.98      0.94        60
           t       0.98      0.88      0.93        60
           u       0.95      0.98      0.97        60
           v       0.95      1.00      0.98        60
           w       0.97      0.97      0.97        60
           x       0.96      0.90      0.93        60
           y       0.97      1.00      0.98        60
           z       1.00      1.00      1.00        60

    accuracy                           0.96      1609
   macro avg       0.91      0.90      0.90      1609
weighted avg       0.96      0.96      0.96      1609
